rel_err= -0.002300, sum= 7835921, loops = 10000000, pi = 3.134368
rel_err= -0.003869, sum= 7823598, loops = 10000000, pi = 3.129439
rel_err= -0.001536, sum= 7841920, loops = 10000000, pi = 3.136768
rel_err= -0.002870, sum= 7831437, loops = 10000000, pi = 3.132575
