rel_err= -0.001577, sum= 784159872, loops = 1000000000, pi = 3.136639
rel_err= -0.003301, sum= 782805549, loops = 1000000000, pi = 3.131222
rel_err= -0.001588, sum= 784150865, loops = 1000000000, pi = 3.136603
rel_err= -0.002456, sum= 783469038, loops = 1000000000, pi = 3.133876
